4538.78320032
4666.84178032
4813.91019032
4912.97860032
5050.03751032
5178.13247032
5277.20088032
5405.25946032
5519.30239032
5675.40350032
5861.48281032
5964.49200032
6092.58696032
6189.63972032
6246.66118032
6432.74049032
6531.80890032
6645.85183032
6758.93589032
6887.03085032
7000.11491032
7113.19897032
7227.24190032
7340.32596032
7468.42092032
7599.46141032
7702.47060032
7888.54991032
8051.61324032
8179.70820032
8250.74531032
8351.79299032
8466.81993032
8603.87884032
8766.94217032
8895.98476032
8983.01679032
9146.08012032
9261.10706032
9332.14417032
9431.21258032
9559.30754032
9674.33448032
9777.34367032
9848.38078032
9935.41281032
10049.4557403
10150.5034203
10336.5827303
10467.6232203
10538.6603303
10639.7080103
10710.7451203
10781.7822303
10937.8833403
11074.9422503
11238.0055803
11325.0376103
11453.0961903
11566.1802503
11694.2752103
11825.3157003
11938.3997603
12124.4790703
12271.5474803
12402.5879703
12503.6356503
12590.6676803
12704.7106103
12775.7477203
12903.8426803
13050.9110903
13213.9744203
13329.0013603
13442.0854203
13499.1068803
13598.1752903
13695.2280503
13782.2600803
13968.3393903
14115.4078003
14216.4554803
14287.4925903
14400.5766503
14514.6195803
14613.6879903
14670.7094503
14785.7363903
14899.7793203
15046.8477303
15175.8903203
15262.9223503
15376.0064103
15539.0697403
15670.1102303
